1.002779826521873474e-01
1.050861924886703491e-01
1.125029772520065308e-01
1.145603209733963013e-01
1.196099370718002319e-01
1.250305324792861938e-01
1.314951181411743164e-01
1.324542164802551270e-01
1.399286091327667236e-01
1.482811719179153442e-01
1.586601734161376953e-01
1.632776409387588501e-01
1.735251247882843018e-01
1.855712682008743286e-01
1.967875063419342041e-01
2.138708382844924927e-01
2.355592846870422363e-01
2.618042826652526855e-01
2.916902899742126465e-01
3.363198041915893555e-01
3.917844295501708984e-01
4.617294967174530029e-01
5.728872418403625488e-01
7.286610007286071777e-01
1.025247216224670410e+00
1.454147577285766602e+00
1.511075019836425781e+00
1.265002012252807617e+00
9.975444674491882324e-01
8.046765327453613281e-01
6.819012165069580078e-01
5.972791314125061035e-01
5.423114299774169922e-01
4.983164966106414795e-01
4.656597971916198730e-01
4.309888184070587158e-01
4.184257686138153076e-01
3.967246711254119873e-01
3.770700395107269287e-01
3.614029884338378906e-01
3.566651046276092529e-01
3.512971997261047363e-01
3.460565209388732910e-01
3.364402949810028076e-01
3.192855119705200195e-01
3.158464133739471436e-01
3.097933232784271240e-01
3.075442910194396973e-01
2.990009784698486328e-01
3.016101419925689697e-01
