1.037140339612960815e-01
1.083777248859405518e-01
1.128321960568428040e-01
1.186589002609252930e-01
1.236765384674072266e-01
1.313518881797790527e-01
1.362382918596267700e-01
1.455612182617187500e-01
1.516002565622329712e-01
1.580160856246948242e-01
1.687107384204864502e-01
1.767155379056930542e-01
1.888802498579025269e-01
2.057502120733261108e-01
2.203444093465805054e-01
2.419492751359939575e-01
2.631924748420715332e-01
2.914208173751831055e-01
3.320162594318389893e-01
3.797241747379302979e-01
4.492555558681488037e-01
5.427936911582946777e-01
6.918690800666809082e-01
8.880504369735717773e-01
1.289824247360229492e+00
1.709612369537353516e+00
1.619012355804443359e+00
1.298009037971496582e+00
1.012814283370971680e+00
8.210273385047912598e-01
6.962152123451232910e-01
6.127914786338806152e-01
5.499386191368103027e-01
5.075557231903076172e-01
4.719474017620086670e-01
4.451831877231597900e-01
4.214242696762084961e-01
3.968020975589752197e-01
3.795531988143920898e-01
3.654362559318542480e-01
3.537595272064208984e-01
3.434773981571197510e-01
3.320998549461364746e-01
3.266129195690155029e-01
3.147785365581512451e-01
3.086577951908111572e-01
2.990806996822357178e-01
2.939496636390686035e-01
2.950544357299804688e-01
2.856567800045013428e-01
