1.466939151287078857e-01
1.539983004331588745e-01
1.504152119159698486e-01
1.584962904453277588e-01
1.657648682594299316e-01
1.749610453844070435e-01
1.770799905061721802e-01
1.859328448772430420e-01
1.932471543550491333e-01
1.948959827423095703e-01
2.071477770805358887e-01
2.106746882200241089e-01
2.388161867856979370e-01
2.396386265754699707e-01
2.583636939525604248e-01
2.750829756259918213e-01
3.081224858760833740e-01
3.321809470653533936e-01
3.769893944263458252e-01
4.307271540164947510e-01
5.005800127983093262e-01
5.966563224792480469e-01
7.329198122024536133e-01
9.610449075698852539e-01
1.435243010520935059e+00
1.801726818084716797e+00
1.613680005073547363e+00
1.258561968803405762e+00
9.898696541786193848e-01
8.242458105087280273e-01
7.120637297630310059e-01
6.327947378158569336e-01
5.684522390365600586e-01
5.278543829917907715e-01
5.007714629173278809e-01
4.598435163497924805e-01
4.351828992366790771e-01
4.397090971469879150e-01
4.191024601459503174e-01
3.933302164077758789e-01
3.749268054962158203e-01
3.768849670886993408e-01
3.712243735790252686e-01
3.615414202213287354e-01
3.523792922496795654e-01
3.316722810268402100e-01
3.382181525230407715e-01
3.379375934600830078e-01
3.103354871273040771e-01
3.171893656253814697e-01
