9.306327998638153076e-02
9.597690403461456299e-02
1.032554805278778076e-01
1.018370613455772400e-01
1.087578386068344116e-01
1.103196516633033752e-01
1.140459626913070679e-01
1.220565736293792725e-01
1.249863356351852417e-01
1.342038661241531372e-01
1.403167545795440674e-01
1.488040983676910400e-01
1.554566621780395508e-01
1.613315194845199585e-01
1.757559478282928467e-01
1.907753050327301025e-01
2.036790698766708374e-01
2.241459041833877563e-01
2.513644695281982422e-01
2.768823802471160889e-01
3.154426813125610352e-01
3.692605793476104736e-01
4.489560425281524658e-01
5.615660548210144043e-01
7.294931411743164062e-01
1.087231874465942383e+00
1.270109772682189941e+00
1.143488168716430664e+00
9.194440245628356934e-01
7.505373954772949219e-01
6.427919864654541016e-01
5.643361210823059082e-01
5.138342976570129395e-01
4.750145077705383301e-01
4.512280225753784180e-01
4.151999950408935547e-01
4.014489352703094482e-01
3.885308802127838135e-01
3.646662235260009766e-01
3.487710952758789062e-01
3.418171405792236328e-01
3.414924740791320801e-01
3.201525509357452393e-01
3.185261487960815430e-01
3.138162791728973389e-01
2.975777685642242432e-01
3.175834119319915771e-01
3.060984909534454346e-01
2.962114214897155762e-01
2.927862107753753662e-01
