1.021241992712020874e-01
1.081837788224220276e-01
1.120879426598548889e-01
1.170458346605300903e-01
1.214029639959335327e-01
1.289296448230743408e-01
1.339348554611206055e-01
1.443316042423248291e-01
1.481854319572448730e-01
1.559881418943405151e-01
1.673251837491989136e-01
1.744844466447830200e-01
1.858869343996047974e-01
2.002574503421783447e-01
2.157187461853027344e-01
2.377119213342666626e-01
2.591120898723602295e-01
2.868919670581817627e-01
3.281830847263336182e-01
3.762937486171722412e-01
4.439145624637603760e-01
5.389112234115600586e-01
6.869317889213562012e-01
8.845370411872863770e-01
1.289620637893676758e+00
1.718830347061157227e+00
1.620525240898132324e+00
1.291293263435363770e+00
1.007844090461730957e+00
8.148989081382751465e-01
6.886836886405944824e-01
6.058152318000793457e-01
5.439788699150085449e-01
5.040096640586853027e-01
4.666114449501037598e-01
4.398947656154632568e-01
4.156337380409240723e-01
3.893306255340576172e-01
3.738394975662231445e-01
3.565442562103271484e-01
3.442267477512359619e-01
3.338906764984130859e-01
3.232998549938201904e-01
3.190121054649353027e-01
3.089327216148376465e-01
3.036048114299774170e-01
2.923106253147125244e-01
2.877762317657470703e-01
2.895577251911163330e-01
2.791040837764739990e-01
