9.284013509750366211e-02
9.847623854875564575e-02
1.022901087999343872e-01
1.084634289145469666e-01
1.128639578819274902e-01
1.192265301942825317e-01
1.231765970587730408e-01
1.295156478881835938e-01
1.341239511966705322e-01
1.435110569000244141e-01
1.526002436876296997e-01
1.578547209501266479e-01
1.712081879377365112e-01
1.833516508340835571e-01
1.928923279047012329e-01
2.132810056209564209e-01
2.352714687585830688e-01
2.596270143985748291e-01
2.902782559394836426e-01
3.336519896984100342e-01
3.858047425746917725e-01
4.595255553722381592e-01
5.698162913322448730e-01
7.237198352813720703e-01
1.012603759765625000e+00
1.427730441093444824e+00
1.497392058372497559e+00
1.273065805435180664e+00
1.009732484817504883e+00
8.246540427207946777e-01
7.002801895141601562e-01
6.173482537269592285e-01
5.680705904960632324e-01
5.160328745841979980e-01
4.902799725532531738e-01
4.541534781455993652e-01
4.413779675960540771e-01
4.146712720394134521e-01
3.989453911781311035e-01
3.884103894233703613e-01
3.744044005870819092e-01
3.719070851802825928e-01
3.656824231147766113e-01
3.547711372375488281e-01
3.483809232711791992e-01
3.415840864181518555e-01
3.379703760147094727e-01
3.352621197700500488e-01
3.211817145347595215e-01
3.222732245922088623e-01
