1.075185239315032959e-01
1.132733821868896484e-01
1.153813377022743225e-01
1.211588904261589050e-01
1.262961328029632568e-01
1.335117220878601074e-01
1.374029964208602905e-01
1.453871428966522217e-01
1.520778834819793701e-01
1.583040952682495117e-01
1.675557345151901245e-01
1.752418875694274902e-01
1.915235668420791626e-01
2.012376040220260620e-01
2.153518795967102051e-01
2.337408214807510376e-01
2.590087950229644775e-01
2.864077687263488770e-01
3.243167102336883545e-01
3.736160993576049805e-01
4.381715655326843262e-01
5.280926823616027832e-01
6.637489795684814453e-01
8.640243411064147949e-01
1.260774374008178711e+00
1.638994693756103516e+00
1.554984807968139648e+00
1.252385497093200684e+00
9.877954721450805664e-01
8.041531443595886230e-01
6.865028738975524902e-01
6.069368720054626465e-01
5.460265874862670898e-01
5.038645267486572266e-01
4.731552302837371826e-01
4.396931529045104980e-01
4.162215590476989746e-01
4.004355370998382568e-01
3.848049342632293701e-01
3.668931126594543457e-01
3.556387722492218018e-01
3.488580882549285889e-01
3.374003469944000244e-01
3.271296322345733643e-01
3.210713863372802734e-01
3.100566267967224121e-01
3.112320899963378906e-01
3.061356842517852783e-01
2.932961583137512207e-01
2.917798161506652832e-01
