1.514424383640289307e-01
1.585331410169601440e-01
1.651198118925094604e-01
1.734451502561569214e-01
1.819677054882049561e-01
1.907605230808258057e-01
2.004106640815734863e-01
2.108982503414154053e-01
2.222233414649963379e-01
2.343107759952545166e-01
2.467418611049652100e-01
2.612974643707275391e-01
2.756763100624084473e-01
2.920331656932830811e-01
3.100928366184234619e-01
3.306295871734619141e-01
3.530820012092590332e-01
3.797848522663116455e-01
4.100919961929321289e-01
4.457852244377136230e-01
4.921206235885620117e-01
5.491996407508850098e-01
6.223622560501098633e-01
7.281087040901184082e-01
8.941689729690551758e-01
1.091596722602844238e+00
1.247233629226684570e+00
1.339332103729248047e+00
1.402598261833190918e+00
1.449643135070800781e+00
1.487304687500000000e+00
1.521552443504333496e+00
1.552596926689147949e+00
1.577125191688537598e+00
1.601806282997131348e+00
1.624340057373046875e+00
1.646643996238708496e+00
1.666934251785278320e+00
1.687227845191955566e+00
1.704244494438171387e+00
1.718099117279052734e+00
1.733894944190979004e+00
1.748085498809814453e+00
1.765356898307800293e+00
1.779485940933227539e+00
1.792942523956298828e+00
1.803964138031005859e+00
1.818748116493225098e+00
1.831765294075012207e+00
1.845223903656005859e+00
