9.495764970779418945e-02
9.979563951492309570e-02
1.039818227291107178e-01
1.102301478385925293e-01
1.164630353450775146e-01
1.220499277114868164e-01
1.284529119729995728e-01
1.352054476737976074e-01
1.430759578943252563e-01
1.498299390077590942e-01
1.593483090400695801e-01
1.707485318183898926e-01
1.830738186836242676e-01
1.983830481767654419e-01
2.140490114688873291e-01
2.349546551704406738e-01
2.579615712165832520e-01
2.871096730232238770e-01
3.254445195198059082e-01
3.730303645133972168e-01
4.440246522426605225e-01
5.433549284934997559e-01
7.075499296188354492e-01
9.660331606864929199e-01
1.478094696998596191e+00
1.835012674331665039e+00
1.600518465042114258e+00
1.219073772430419922e+00
9.501107335090637207e-01
7.742848396301269531e-01
6.683678030967712402e-01
5.900444984436035156e-01
5.349954366683959961e-01
4.911383390426635742e-01
4.576421380043029785e-01
4.317108094692230225e-01
4.109275043010711670e-01
3.906095027923583984e-01
3.788428902626037598e-01
3.641711771488189697e-01
3.548925518989562988e-01
3.468886613845825195e-01
3.354289829730987549e-01
3.252729773521423340e-01
3.228614032268524170e-01
3.136369884014129639e-01
3.120456337928771973e-01
3.031832277774810791e-01
3.001798093318939209e-01
3.009972870349884033e-01
